47
47
68
40
6
40
4
50
63
77
1
39
93
38
81
70
29
81
61
99
27
64
75
28
46
3
93
47
85
30 
50
7
88
44
97
95
69
86
35
78
75
96
94
39
96
7
39
13
13
67
75
44
92
77
65
100
66
24
96
13
24
56
21
1
56
87
97
71
18
35
5
33
10
80
18
63
90
17
78
24
26
40
67
25
13
3
55
72
2
59
11
93
76
32
87
30
57
90
25
63
72
15
40
84
81
99
67
26
71
39
87
38
25
62
7
55
73
98
82
60
56
1
53
7
29
35
72
75
54
100
52
54
51
52
66
43
2
90
100
10
38
71
4
83
15
46
1
73
45
10
75
42
84
12
77
20
18
21
78
62
38
47
45
54
100
77
70
50
41
89
26
48
83
75
19
53
81
33
54
31
16
22
20
49
22
79
49
14
17
28
51
61
52
45
36
44
96
76
96
6
43
24
49
60
26
44
27
42
91
11
61
71
61
96
100
61
4
37
8
21
42
40
58
6
73
64
31
41
23
64
96
88
12
63
66
67
66
56
60
90
2
53
46
66
28
33
24
50
79
54
28
10
90
69
89
18
100
77
4
60
99
10
74
63
41
54
58
12
36
81
98
54
72
73
82
43
28
35
35
63
29
40
94
70
88
97
99
91
91
51
25
69
30
94
33
42
78
25
39
79
20
24
89
18
27
73
36
27
81
91
35
75
67
1
3
71
65
65
5
55
44
2
15
81
87
93
25
98
8
2
98
15
31
100
80
29
36
61
92
82
86
83
14
30
61
85
41
39
57
21
34
18
50
48
94
50
9
52
98
77
6
80
20
12
90
47
68
95
54
79
48
53
75
57
34
26
78
97
88
95
54
95
16
40
19
32
97
83
94
25
82
33
97
26
79
28
27
5
49
19
26
83
76
80
69
22
70
93
44
60
18
18
52
89
65
86
44
31
78
99
74
89
49
80
37
32
12
19
20
88
23
86
17
31
35
47
47
8
24
70
52
8
57
59
13
4
53
9
56
62
37
11
73
90
27
93
63
87
16
16
51
82
94
22
31
80
77
40
74
86
9
48
18
55
95
10
40
52
69
13
89
45
96
19
71
59
1
77
12
23
78
53
59
32
85
45
77
93
94
2